20	4.671898373436043
20.290906698750476	4.673108743017046
20.586044732869844	4.674291371372516
20.885475648548283	4.67540068433872
21.189261887185914	4.676372486770742
21.49746679841394	4.6771275293183985
21.810154653305165	4.677574996626462
22.12739065777668	4.6776152320665165
22.449240966187475	4.677141711657613
22.77577269513385	4.676042481192762
23.107053937445478	4.674201549380867
23.44315377638505	4.671500420426122
23.784142300054445	4.667819650166713
24.130090616010463	4.663040347257394
24.481070866093134	4.65704549924585
24.837156241469714	4.649721224592251
25.1984209978975	4.640957752092706
25.56494047120865	4.630650182129515
25.936791093020236	4.618699308001908
26.3140504066728	4.605012637495057
26.69679708340074	4.589505422062352
27.08511093873791	4.572101381686472
27.47907294916184	4.552732672973689
27.878765268980047	4.531338925892915
28.284271247461966	4.50786565594458
28.695675446220072	4.482262724348922
29.11306365684382	4.454483323373699
29.536522918790062	4.424483732994637
29.966141537533712	4.392223770771774
30.402009102982383	4.357667551289038
30.844216508158908	4.3207842427990455
31.29285596815558	4.281548930887448
31.74802103936409	4.239943273786689
32.20980663898519	4.195955720277762
32.67830906482211	4.149581153833239
33.153626015361866	4.1008201865987735
33.63585661014871	4.0496785135954445
34.125101410453844	3.9961666850278004
34.62146244024586	3.940300174112018
35.12504320746613	3.882099269698948
35.635948725613716	3.8215882135205206
36.15428553564419	3.7587932765218683
36.68016172818701	3.6937406098818784
37.21368696608603	3.626454333818642
37.754972507267915	3.556954913478311
38.30413122794313	3.485257698814574
38.86127764614443	3.4113710415714467
39.4265279456077	3.335294033446668
40.000000000000206	3.2570142639479513
40.58181339750116	3.1765061929030667
41.1720894657399	3.093730753932232
41.77095129709678	3.0086364768929066
42.37852377437204	2.9211617023150636
42.9949335968281	2.831237441406129
43.62030930661056	2.7387903141108687
44.25478131555359	2.643745821621084
44.89848193237519	2.5460321860192128
45.55154539026795	2.4455851314336083
46.21410787489121	2.342353586282389
46.88630755277036	2.236306054794687
47.56828460010916	2.127437615163613
48.260181232021196	2.0157767888167406
48.962141732186545	1.9013921906663285
49.674312482939705	1.7843988455816087
50.39684199579528	1.6649641517956137
51.129880942417586	1.5433131841694507
51.873582186040764	1.4197326332292555
52.628100813345895	1.2945727421293682
53.393594166801776	1.1682466853443771
54.17022187747612	1.04122763704807
54.95814589832399	0.9140440007892936
55.75753053796041	0.7872731714787129
56.56854249492426	0.661533704139007
57.39135089244048	0.53747571660137
58.226127313687975	0.41576946437024187
59.073045837580466	0.2970924013967746
59.932283075067765	0.18211519285764233
60.804018205965114	0.07148717172931285
61.68843301631817	-0.03417813394188407
62.58571193631152	-0.1343163799199516
63.49604207872855	-0.22842419240843093
64.41961327797075	-0.31606942341577593
65.35661812964459	-0.3968998184783388
66.3072520307241	-0.47065007617494814
67.27171322029778	-0.5371466199689507
68.25020282090806	-0.5963094733231848
69.2429248804921	-0.6481509491987154
70.25008641493265	-0.6927712403528155
71.27189745122783	-0.7303517541743787
72.30857107128878	-0.7611476136222528
73.36032345637442	-0.785480659350867
74.42737393217246	-0.8037331869611677
75.50994501453623	-0.8163422420876891
76.60826245588666	-0.8237936844247038
77.72255529228926	-0.8266151846932317
78.85305589121582	-0.8253683612062463
80.00000000000082	-0.8206405230541041
81.16362679500274	-0.8130360100635885
82.34417893148023	-0.8031669588539163
83.541902594194	-0.7916436325049938
84.75704754874454	-0.779064196016207
85.98986719365665	-0.7660040016912004
87.24061861322157	-0.75300419170515
88.50956263110764	-0.7405597658669132
89.79696386475084	-0.7291081537527524
91.10309078053635	-0.7190194101451843
92.42821574978288	-0.7105894823861925
93.77261510554118	-0.7040366061523917
95.13656920021877	-0.6995011605198247
96.52036246404286	-0.6970497810567675
97.92428346437356	-0.6966840407918342
99.34862496587989	-0.6983531615931309
100.79368399159105	-0.7019695338757286
102.25976188483567	-0.7074254439086762
103.74716437208203	-0.714609613044539
105.25620162669229	-0.7234221571600226
106.78718833360406	-0.733786487812619
108.34044375495276	-0.745656689530414
109.9162917966485	-0.7590199808869
111.51506107592134	-0.7738947224736319
113.13708498984903	-0.7903249923837561
114.78270178488147	-0.8083729766193479
116.45225462737648	-0.8281102135438534
118.14609167516147	-0.8496085661370576
119.86456615013608	-0.8729313968663654
121.60803641193078	-0.8981243927713751
123.3768660326369	-0.925206459413495
125.17142387262359	-0.9541617803301561
126.99208415745765	-0.9849353019465306
128.83922655594208	-1.017431756984844
130.71323625928977	-1.0515188116043075
132.61450406144883	-1.0870329248399955
134.5434264405962	-1.1237867075692196
136.50040564181674	-1.1615785841157438
138.48584976098482	-1.200205753812155
140.50017282986593	-1.2394794365686244
142.5437949024563	-1.27923929347218
144.61714214257822	-1.3193631985686292
146.7206469127495	-1.3597703187457966
148.8547478643456	-1.400416826250903
151.01989002907314	-1.4412849176289637
153.216524911774	-1.4823694200276971
155.4451105845792	-1.5236648448280208
157.70611178243232	-1.5651545171699055
160.00000000000236	-1.606802297486041
162.3272535900062	-1.6485462452734
164.6883578629612	-1.690294411474108
167.08380518838874	-1.7319229363200361
169.51409509748981	-1.7732772047750291
171.97973438731407	-1.8141762539280504
174.4812372264439	-1.8544210399931798
177.01912526221608	-1.8938069282156134
179.5939277295025	-1.9321396717970878
182.20618156107355	-1.9692525082900294
184.85643149956664	-2.0050205536270225
187.54523021108326	-2.0393699705113546
190.27313840043846	-2.0722800350970187
193.04072492808663	-2.103778683283748
195.84856692874806	-2.133932901644735
198.69724993176072	-2.1628356303268808
201.58736798318304	-2.190590985160207
204.5195237696723	-2.217300379953098
207.49432874416505	-2.2430514071248018
210.5124032533856	-2.26791053028962
213.57437666720915	-2.291920327684672
216.68088750990657	-2.3151009619582408
219.83258359329807	-2.337455223642671
223.03012215184378	-2.3589766383589947
226.2741699796992	-2.3796592912913366
229.5654035697641	-2.3995075776402923
232.90450925475412	-2.4185448969983394
236.2921833503241	-2.4368213021378393
239.72913230027333	-2.454420360199096
243.21607282386276	-2.471463115320928
246.75373206527502	-2.488107887759659
250.34284774524843	-2.5045440419291887
253.9841683149166	-2.5209781504121294
257.67845311188546	-2.537615351642879
261.42647251858085	-2.5546386403958863
265.22900812289896	-2.572189986556152
269.08685288119375	-2.590356904179669
273.0008112836349	-2.6091658813814833
276.97169952197106	-2.6285825001667456
281.00034565973334	-2.6485162720076803
285.0875898049141	-2.668827011369387
289.23428428515797	-2.6893325131562826
293.44129382550057	-2.709818036943624
297.7094957286928	-2.730047400559359
302.0397800581479	-2.749772973858186
306.4330498235497	-2.768742563832889
310.89022116916016	-2.7867016271007694
315.41222356486645	-2.8033897617276775
320.00000000000654	-2.8185337349879562
324.6545071800142	-2.831841303452083
329.3767157259242	-2.842998907927723
334.16761037677935	-2.851675941975297
339.02819019498156	-2.8575333174001263
343.95946877463007	-2.8602356679350156
348.9624744528898	-2.8594638462869835
354.03825052443415	-2.854926466370296
359.187855459007	-2.8463686905501016
364.4123631221491	-2.8335777185324473
369.71286299913527	-2.816384829992132
375.0904604221685	-2.7946657661837104
380.54627680087896	-2.76833971855441
386.08144985617537	-2.7373673553673155
391.6971338574982	-2.7017482838750064
397.3944998635236	-2.6615196002862875
403.1747359663683	-2.616755201267435
409.0390475393468	-2.567566013493603
414.9886574883323	-2.514099424568641
421.0248065067734	-2.4565386879154314
427.1487533344206	-2.3951028176558156
433.3617750198154	-2.330047986449997
439.6651671865984	-2.261670065086922
446.06024430368984	-2.190305514466329
452.54833995940066	-2.116328964246798
459.13080713953053	-2.0401476029038133
465.8090185095106	-1.9621919316761327
472.58436670065066	-1.882902550183117
479.45826460054917	-1.8027148928173915
486.432145647728	-1.7220431182300202
493.50746413055253	-1.6412646109948774
500.6856954904994	-1.5607057615252207
507.9683366298358	-1.4806322719954714
515.3569062237735	-1.4012449701295593
522.8529450371643	-1.3226828932370767
530.4580162458005	-1.2450363516347553
538.1737057623901	-1.1683702755869378
546.0016225672724	-1.0927555656650276
553.9433990439449	-1.0183040218186037
562.0006913194694	-0.9451974595440925
570.1751796098309	-0.8737022838810258
578.4685685703187	-0.8041653373147604
586.8825876510039	-0.7369894477747122
595.4189914573883	-0.6725915852885078
604.0795601162986	-0.61135591776374
612.8660996471021	-0.5535910740707108
621.780442338323	-0.4994984034700123
630.8244471297356	-0.4491562415355055
640.0000000000159	-0.40251969910994423
649.3090143600314	-0.3594329581638187
658.7534314518515	-0.3196520182976115
668.3352207535618	-0.28287914732043906
678.0563803899662	-0.24880653476066383
687.9189375492632	-0.21716013246231614
697.9249489057827	-0.18773171224718066
708.0765010488715	-0.16039205975449133
718.3757109180171	-0.1350857580410597
728.8247262443015	-0.11181452263422265
739.425725998274	-0.09061574692611152
750.1809208443404	-0.07154286951558297
761.0925536017613	-0.05464277924713823
772.1628997123541	-0.03993273646664186
783.3942677149998	-0.027378755401730404
794.7889997270506	-0.016882535119426834
806.34947193274	-0.008280993208129805
818.0780950786972	-0.001357815962454656
829.9773149766683	0.004140147006428951
842.0496130135506	0.008489989185873459
854.2975066688449	0.01198397099603385
866.7235500396347	0.01492123024858795
879.3303343732008	0.017598737034142352
892.1204886073838	0.020303646870260948
905.0966799188055	0.023308826946490807
918.2616142790653	0.026873244514259653
931.6180370190256	0.03124430709284451
945.1687334013056	0.03665814285024033
958.9165292011028	0.04333729432446842
972.8642912954606	0.051490991585183665
987.0149282611097	0.06131879064864987
1001.3713909810035	0.07301400166921074
1015.9366732596762	0.08675872903034915
1030.7138124475518	0.1027081232696278
1045.7058900743334	0.12096768639714955
1060.916032491606	0.14157447198569478
1076.3474115247852	0.16449279118805105
1092.0032451345498	0.18962681607738108
1107.8867980878947	0.21684962843907485
1124.0013826389438	0.2460382038449519
1140.350359219667	0.27710944363467555
1156.9371371406426	0.31005121859103607
1173.765175302013	0.34494815345689006
1190.837982914782	0.3820070111660192
1208.1591202326028	0.42157260954314496
1225.73219929421	0.4641263149125105
1243.5608846766518	0.5102693227908232
1261.648894259477	0.560692342183013
1280.0000000000375	0.616138019206211
1298.6180287200684	0.6773588340017048
1317.5068629037087	0.7450634160723381
1336.6704415071292	0.8198517333320227
1356.112760779938	0.9021290115780998
1375.8378750985323	0.9920339949224329
1395.8498978115715	1.0893800411767447
1416.153002097749	1.193612475482574
1436.7514218360407	1.3038045348461291
1457.6494524886093	1.4187218882430077
1478.8514519965543	1.5369332017785282
1500.3618416886875	1.6569693261810259
1522.1851072035295	1.7774946546184345
1544.3257994247153	1.8974588245238633
1566.788535430007	2.016210511370452
1589.5779994541087	2.133551283247003
1612.6989438654878	2.2497259056356613
1636.156190157402	2.3653442113550223
1659.9546299533442	2.481245120269509
1684.099226027109	2.598330026883582
1708.5950133376978	2.7173943616390983
1733.4471000792773	2.838988062852747
1758.6606687464096	2.963333625277729
1784.2409772147755	3.0903109500702968
1810.193359837619	3.2195033707190692
1836.5232285581387	3.3502789702810394
1863.2360740380593	3.4818805886998256
1890.3374668026197	3.6135064279959765
1917.833058402214	3.744372802086074
1945.7285825909298	3.8737518394659674
1974.0298565222283	4.000999885695797
2002.7427819620161	4.125587878104297
2031.8733465193618	4.2471393484882425
2061.4276248951132	4.3654826558935165
2091.411780148677	4.480701010749509
2121.832064983222	4.59316373851575
2152.694823049581	4.703538586459557
2184.0064902691106	4.812776510726747
2215.7735961758003	4.9220612321282395
2248.002765277899	5.032738345758615
2280.7007184393456	5.146198399706811
2313.874274281297	5.263711816480339
2347.530350604038	5.386215644194876
2381.6759658295764	5.514120450592109
2416.318240465218	5.647225317501552
2451.4643985884327	5.784794626736645
2487.1217693533167	5.925733757074726
2523.2977885189675	6.068779735863291
2560.0000000000887	6.212633148559983
2597.236057440151	6.356034378014797
2635.0137258074315	6.49788478594928
2673.340883014273	6.637473008277178
2712.225521559891	6.77475828797393
2751.6757501970797	6.910549224325045
2791.699795623158	7.0464300770619595
2832.3060041955137	7.184382501975196
2873.502843672097	7.326246641753439
2915.2989049772345	7.473193450662522
2957.7029039931244	7.625304534432964
3000.723683377391	7.781295470867247
3044.370214407075	7.938392618538058
3088.6515988494466	8.092377757744284
3133.57707086003	8.237850466121134
3179.1559989082334	8.368679172812927
3225.3978877309914	8.47850726721384
3272.3123803148205	8.561153664304994
3319.9092599067053	8.610893956601595
3368.198452054235	8.62270063680321
3417.190026675413	8.592567649092558
3466.8942001585724	8.517992843711045
3517.3213374928373	8.398587314025958
3568.4819544295697	8.236643100970719
3620.386719675257	8.037385657944188
3673.0464571162966	7.808681388354591
3726.472148076138	7.56013170160981
3780.6749336052594	7.301682297737791
3835.6661168044484	7.04211592894686
3891.45716518188	6.7879012345874035
3948.059713044477	6.542682248347228
4005.4855639240527	6.307787156825214
4063.746693038744	6.0834287812466155
4122.855249790247	5.870430954273614
4182.823560297375	5.671703480335211
4243.664129966465	5.492651502198377
4305.389646099183	5.340008929124137
4368.012980538242	5.219314407565644
4431.5471923516225	5.132038395476471
4496.00553055582	5.073727641203662
4561.401436878714	5.03419795570568
4627.748548562617	4.999520480274257
4695.060701208099	4.955283786889199
4763.351931659176	4.890095614517692
4832.63648093046	4.798141862201267
4902.928797176889	4.680275500668031
4974.243538706657	4.543559488408471
5046.595577037959	4.399658885762803
5120.000000000202	4.262956512974359
5194.472114880326	4.148620075092358
5270.027451614888	4.070320076067973
5346.6817660285715	4.037380213075888
5424.451043119808	4.051734870668609
5503.351500394186	4.1055319493714295
5583.399591246343	4.180521747659059
5664.612008391055	4.250582149883435
5747.005687344222	4.2877195018280165
5830.597809954497	4.270088256183549
5915.405807986278	4.189516882149857
6001.447366754812	4.0561115218609975
6088.740428814181	3.8975926137057293
6177.303197698925	3.752468399096985
6267.154141720092	3.6593516299928392
6358.3119978165005	3.647683965889736
6450.795775462017	3.7331372501770668
6544.624760629676	3.9179910143807977
6639.818519813445	4.193597261724118
6736.396904108505	4.542758583003151
6834.380053350861	4.941061750295982
6933.788400317181	5.357839719759288
7034.642674985712	5.7583289929404735
7136.963908859177	6.107906979064985
7240.773439350552	6.3776949219524965
7346.092914232631	6.549682434826257
7452.944296152315	6.619569756229507
7561.349867210557	6.596205136452531
7671.332233608935	6.497562162656577
7782.914330363799	6.3445193133809425
7896.119426088994	6.155514464109872
8010.971127848146	5.944118335035355
8127.49338607753	5.720202457304777
8245.710499580537	5.493419705263416
8365.647120594791	5.276100058839492
8487.328259932974	5.082832531654506
8610.77929219841	4.926608089395566
8736.025961076528	4.813617376037176
8863.094384703289	4.739689427779015
8992.011061111683	4.69081447773077
9122.802873757471	4.647426988984006
9255.497097125279	4.591019071576056
9390.121402416245	4.509812255832359
9526.7038633184	4.400301986464606
9665.272961860968	4.263201709349416
9805.857594353829	4.095849251278573
9948.487077413367	3.885882171131175
10093.19115407597	3.611183564664284
10240.000000000457	3.24790583651499
10388.944229760706	2.7822157497749034
10540.05490322983	2.219921328805467
10693.363532057198	1.5888226237470844
10848.902086239672	0.9315903044105345
11006.703000788428	0.2946289715478111
11166.799182492743	-0.28228362141878305
11329.224016782166	-0.7725648219878594
11494.0113746885	-1.1674975920388282
11661.195619909053	-1.477786748089461
11830.811615972614	-1.7315626348491757
12002.894733509682	-1.9590533761814264
12177.48085762842	-2.177797789649422
12354.606395397908	-2.381806176500014
12534.308283440243	-2.5434248037092413
12716.62399563306	-2.629668682323311
12901.591550924093	-2.625374219106671
13089.249521259411	-2.547315489239051
13279.637039626952	-2.4374476126543554
13472.793808217073	-2.3534124297827685
13668.760106701786	-2.358022650805547
13867.576800634426	-2.5066020116505188
14069.285349971487	-2.838122573640986
14273.927817718419	-3.3737852853190002
14481.54687870117	-4.123774468876836
14692.18582846533	-5.079107069486273
14905.888592304698	-6.203639039762725
15122.699734421185	-7.434567432706701
15342.664467217943	-8.678646300273163
15565.828660727671	-9.815314156968622
15792.238852178061	-10.721812219271026
16021.942255696367	-11.31772030883095
16254.986772155136	-11.598695521318607
16491.42099916115	-11.627727722741074
16731.294241189662	-11.495339637274014
16974.65651986603	-11.283940542235106
17221.558584396902	-11.055282040658971
17472.051922153143	-10.853804389679198
17726.188769406665	-10.716137701918576
17984.022122223458	-10.683894172381619
18245.605747515034	-10.814711506127653
18510.99419425065	-11.180975028734123
18780.242804832582	-11.841891950808908
19053.40772663689	-12.796824716220609
19330.545923722028	-13.943467346721436
19611.71518870775	-15.076201753432914
19896.974154826825	-15.981734598687758
20186.382308152035	-16.635332869958805