20	-0.007292225707110914
20.290906698750476	-0.0068311680763894
20.586044732869844	-0.00636998073172117
20.885475648548283	-0.005908348522500643
21.189261887185914	-0.00544584489728834
21.49746679841394	-0.00498202074901508
21.810154653305165	-0.004516342916299464
22.12739065777668	-0.0040482335110287905
22.449240966187475	-0.0035770093237441573
22.77577269513385	-0.0031019727749686168
23.107053937445478	-0.002622503849837761
23.44315377638505	-0.002138002297927929
23.784142300054445	-0.0016479318493506402
24.130090616010463	-0.0011517651867455105
24.481070866093134	-0.0006490314352661057
24.837156241469714	-0.00013926456921523056
25.1984209978975	0.0003779451674026414
25.56494047120865	0.0009029988283489922
25.936791093020236	0.0014362328230533294
26.3140504066728	0.001977961930520779
26.69679708340074	0.0025284183134953765
27.08511093873791	0.0030878404858559576
27.47907294916184	0.003656559722467763
27.878765268980047	0.004234930953270315
28.284271247461966	0.004823362822272692
28.695675446220072	0.005422242470197687
29.11306365684382	0.006031959551833596
29.536522918790062	0.0066528243318884905
29.966141537533712	0.007285085104896422
30.402009102982383	0.007928839037214697
30.844216508158908	0.008584094333120823
31.29285596815558	0.009250880805574742
31.74802103936409	0.009929305296430914
32.20980663898519	0.01061944769675776
32.67830906482211	0.011321409500146734
33.153626015361866	0.012035358659845452
33.63585661014871	0.012761413752163484
34.125101410453844	0.013499681639592219
34.62146244024586	0.014250291223618386
35.12504320746613	0.015013265039428403
35.635948725613716	0.01578854541439511
36.15428553564419	0.016576069861815132
36.68016172818701	0.017375789482604098
37.21368696608603	0.018187523203675234
37.754972507267915	0.019010968357929765
38.30413122794313	0.019845761127870044
38.86127764614443	0.02069153358938198
39.4265279456077	0.021547967447723762
40.000000000000206	0.022414789971577406
40.58181339750116	0.0232916028351192
41.1720894657399	0.02417787086822333
41.77095129709678	0.02507296222005562
42.37852377437204	0.02597618569197664
42.9949335968281	0.026886825421527365
43.62030930661056	0.027804173121861543
44.25478131555359	0.028727558093575255
44.89848193237519	0.029656375222920812
45.55154539026795	0.030590111171122494
46.21410787489121	0.03152831215055491
46.88630755277036	0.03247043665949407
47.56828460010916	0.033415990349778255
48.260181232021196	0.03436443157795526
48.962141732186545	0.03531536294321796
49.674312482939705	0.03626860741940373
50.39684199579528	0.03722422649997007
51.129880942417586	0.03818253770478118
51.873582186040764	0.03914413141781276
52.628100813345895	0.04010988693550119
53.393594166801776	0.04108098750691809
54.17022187747612	0.04205893403498484
54.95814589832399	0.04304555699470729
55.75753053796041	0.04404302599960092
56.56854249492426	0.04505385631695023
57.39135089244048	0.04608091148919183
58.226127313687975	0.04712733960977211
59.073045837580466	0.04819625703303391
59.932283075067765	0.04929035988904161
60.804018205965114	0.05041158533681976
61.68843301631817	0.051561072469798144
62.58571193631152	0.052739426624170305
63.49604207872855	0.05394710261775533
64.41961327797075	0.055184972077458164
65.35661812964459	0.05645462948438647
66.3072520307241	0.0577583685735991
67.27171322029778	0.059099081635526254
68.25020282090806	0.06048014419740119
69.2429248804921	0.06190534971996278
70.25008641493265	0.06337902520965497
71.27189745122783	0.06490599772430725
72.30857107128878	0.06649167481003967
73.36032345637442	0.06814190184856103
74.42737393217246	0.06986279447217608
75.50994501453623	0.0716607466589477
76.60826245588666	0.0735422722287701
77.72255529228926	0.07551395059151725
78.85305589121582	0.07758212704207132
80.00000000000082	0.07975257178382816
81.16362679500274	0.08203030482519394
82.34417893148023	0.08441923211702923
83.541902594194	0.08692187373325999
84.75704754874454	0.08953889519432207
85.98986719365665	0.09226880126137238
87.24061861322157	0.09510764768492277
88.50956263110764	0.09804877311910731
89.79696386475084	0.1010827765420251
91.10309078053635	0.10419752294219167
92.42821574978288	0.10737803072952598
93.77261510554118	0.11060609216106149
95.13656920021877	0.11386032171945526
96.52036246404286	0.11711742595599503
97.92428346437356	0.120354653437997
99.34862496587989	0.12355243906857528
100.79368399159105	0.1266965432281886
102.25976188483567	0.12977912285655535
103.74716437208203	0.13279911906842234
105.25620162669229	0.1357619475288609
106.78718833360406	0.13867905066801117
108.34044375495276	0.1415674700222103
109.9162917966485	0.1444495179861905
111.51506107592134	0.14735271046098758
113.13708498984903	0.15030944458926665
114.78270178488147	0.1533566607941203
116.45225462737648	0.15653564228353736
118.14609167516147	0.15989114886588457
119.86456615013608	0.16347002144831746
121.60803641193078	0.16731841458369162
123.3768660326369	0.17147786761335904
125.17142387262359	0.17598115775874967
126.99208415745765	0.18084900834134376
128.83922655594208	0.1860885844881338
130.71323625928977	0.19169390821586962
132.61450406144883	0.19764767647210102
134.5434264405962	0.20392366890329594
136.50040564181674	0.21048967911837446
138.48584976098482	0.21731129125492515
140.50017282986593	0.2243560511915889
142.5437949024563	0.23159686983127198
144.61714214257822	0.23901335154411202
146.7206469127495	0.24659171869010243
148.8547478643456	0.2543252405423079
151.01989002907314	0.26221342508574375
153.216524911774	0.2702600530811726
155.4451105845792	0.278471498931634
157.70611178243232	0.2868561987238406
160.00000000000236	0.29542518252649963
162.3272535900062	0.304191296665098
164.6883578629612	0.3131670750405905
167.08380518838874	0.32236232319790187
169.51409509748981	0.3317823010550675
171.97973438731407	0.34142766012715303
174.4812372264439	0.35129664802099436
177.01912526221608	0.3613884837109554
179.5939277295025	0.3717060542647093
182.20618156107355	0.382256598961902
184.85643149956664	0.39305043597882766
187.54523021108326	0.40409912516585855
190.27313840043846	0.41541365702420796
193.04072492808663	0.42700366210339247
195.84856692874806	0.43887791973437734
198.69724993176072	0.4510462054458399
201.58736798318304	0.4635221244552319
204.5195237696723	0.47632511728075794
207.49432874416505	0.48948013818350555
210.5124032533856	0.5030146387260875
213.57437666720915	0.5169534260064033
216.68088750990657	0.5313143319952667
219.83258359329807	0.5461067947846814
223.03012215184378	0.5613338560531599
226.2741699796992	0.5769939707495566
229.5654035697641	0.5930819097040569
232.90450925475412	0.6095898958867809
236.2921833503241	0.6265085280531938
239.72913230027333	0.6438252396744426
243.21607282386276	0.6615232778442222
246.75373206527502	0.6795846212672833
250.34284774524843	0.6979952669264469
253.9841683149166	0.7167501457555578
257.67845311188546	0.735857345817158
261.42647251858085	0.7553406394382282
265.22900812289896	0.775239900484752
269.08685288119375	0.7956074653084446
273.0008112836349	0.8165026216283598
276.97169952197106	0.8379859779924488
281.00034565973334	0.8601132958978887
285.0875898049141	0.882928885192028
289.23428428515797	0.9064608327619151
293.44129382550057	0.9307217253002035
297.7094957286928	0.955713380830792
302.0397800581479	0.9814305049036439
306.4330498235497	1.007861349397334
310.89022116916016	1.0349881456550487
315.41222356486645	1.0627888672177568
320.00000000000654	1.0912395906808128
324.6545071800142	1.1203134855757657
329.3767157259242	1.1499765499542696
334.16761037677935	1.1801860006019997
339.02819019498156	1.2108960720242505
343.95946877463007	1.2420681670086229
348.9624744528898	1.2736795495216058
354.03825052443415	1.305726630858958
359.187855459007	1.3382248788197963
364.4123631221491	1.3712079087287443
369.71286299913527	1.4047261363211927
375.0904604221685	1.4388414220455545
380.54627680087896	1.4736179611083662
386.08144985617537	1.5091154244180252
391.6971338574982	1.5453872708045835
397.3944998635236	1.582481630956332
403.1747359663683	1.6204397772207093
409.0390475393468	1.659293559459909
414.9886574883323	1.6990653295562868
421.0248065067734	1.7397698627157094
427.1487533344206	1.7814140547118438
433.3617750198154	1.8239972859908171
439.6651671865984	1.867513002259792
446.06024430368984	1.9119501754933592
452.54833995940066	1.9572966505805596
459.13080713953053	2.0035415566329235
465.8090185095106	2.0506749984206594
472.58436670065066	2.098686124547216
479.45826460054917	2.147560412647223
486.432145647728	2.1972742881175584
493.50746413055253	2.24778890275147
500.6856954904994	2.2990475634775
507.9683366298358	2.350974772610695
515.3569062237735	2.4034770884182546
522.8529450371643	2.4564453765075096
530.4580162458005	2.509758002868436
538.1737057623901	2.56327965331105
546.0016225672724	2.616859421835024
553.9433990439449	2.6703338451954224
562.0006913194694	2.7235358155723843
570.1751796098309	2.7763062778727052
578.4685685703187	2.828505035350434
586.8825876510039	2.8800178623561097
595.4189914573883	2.9307568966048327
604.0795601162986	2.9806554501949996
612.8660996471021	3.0296604513816376
621.780442338323	3.07772798398605
630.8244471297356	3.1248230562707673
640.0000000000159	3.1709208932572364
649.3090143600314	3.2160037571029765
658.7534314518515	3.260050911914325
668.3352207535618	3.3030255487263296
678.0563803899662	3.344863688401948
687.9189375492632	3.385468122545124
697.9249489057827	3.4247073628176685
708.0765010488715	3.462416236096488
718.3757109180171	3.4983986526288082
728.8247262443015	3.5324372639215245
739.425725998274	3.5643120314234396
750.1809208443404	3.59382672773996
761.0925536017613	3.6208342008862537
772.1628997123541	3.645252162084741
783.3942677149998	3.6670694760127294
794.7889997270506	3.686350122796624
806.34947193274	3.703239971288333
818.0780950786972	3.7179798170802716
829.9773149766683	3.73091903118924
842.0496130135506	3.7425270678469698
854.2975066688449	3.75339123243236
866.7235500396347	3.7641969035403333
879.3303343732008	3.7757019750968652
892.1204886073838	3.78870707506573
905.0966799188055	3.8040237641118178
918.2616142790653	3.822449130770004
931.6180370190256	3.8447450956935922
945.1687334013056	3.8716164389694705
958.9165292011028	3.903693010012745
972.8642912954606	3.941510136644378
987.0149282611097	3.985485880420634
1001.3713909810035	4.035903441810017
1015.9366732596762	4.092895424313051
1030.7138124475518	4.1564336694832615
1045.7058900743334	4.226325160964029
1060.916032491606	4.302212868059338
1076.3474115247852	4.383588098426513
1092.0032451345498	4.469815171882256
1107.8867980878947	4.560166404237689
1124.0013826389438	4.65385011340869
1140.350359219667	4.750025063581326
1156.9371371406426	4.847824467691136
1173.765175302013	4.946396977733536
1190.837982914782	5.0449689329205265
1208.1591202326028	5.142930278470213
1225.73219929421	5.239932129998645
1243.5608846766518	5.335921497498015
1261.648894259477	5.431079010850976
1280.0000000000375	5.525744021320787
1298.6180287200684	5.6203545557496275
1317.5068629037087	5.715402021293606
1336.6704415071292	5.811397374248305
1356.112760779938	5.9088423266999195
1375.8378750985323	6.008207235748256
1395.8498978115715	6.109920035314479
1416.153002097749	6.214367149854879
1436.7514218360407	6.321894323557529
1457.6494524886093	6.432804290626115
1478.8514519965543	6.547357969473974
1500.3618416886875	6.665772407588199
1522.1851072035295	6.788207130846466
1544.3257994247153	6.914751492111717
1566.788535430007	7.045445244628201
1589.5779994541087	7.180302071355944
1612.6989438654878	7.319331249554566
1636.156190157402	7.462557043119436
1659.9546299533442	7.61003047767436
1684.099226027109	7.761836118152226
1708.5950133376978	7.918089392365967
1733.4471000792773	8.078930180462994
1758.6606687464096	8.24451846560451
1784.2409772147755	8.415026819189295
1810.193359837619	8.590633528754813
1836.5232285581387	8.771516314706878
1863.2360740380593	8.957844525129463
1890.3374668026197	9.149769638244901
1917.833058402214	9.347418161811309
1945.7285825909298	9.550883021162557
1974.0298565222283	9.760222807145515
2002.7427819620161	9.975459006832976
2031.8733465193618	10.196579667436618
2061.4276248951132	10.42354002637348
2091.411780148677	10.65626991701683
2121.832064983222	10.894676401231708
2152.694823049581	11.138647682153618
2184.0064902691106	11.388059727184586
2215.7735961758003	11.64277669966194
2248.002765277899	11.902644084998593
2280.7007184393456	12.16747340166868
2313.874274281297	12.43701191834738
2347.530350604038	12.710905745338009
2381.6759658295764	12.988651343571568
2416.318240465218	13.269535198094502
2451.4643985884327	13.552557866138969
2487.1217693533167	13.83634920378843
2523.2977885189675	14.119077889539165
2560.0000000000887	14.398370235002307
2597.236057440151	14.671271424462239
2635.0137258074315	14.934239050198615
2673.340883014273	15.183223640785496
2712.225521559891	15.413862539353445
2751.6757501970797	15.621776154864527
2791.699795623158	15.80293282197888
2832.3060041955137	15.954032465948725
2873.502843672097	16.072852753700086
2915.2989049772345	16.15842372097152
2957.7029039931244	16.21098264110478
3000.723683377391	16.231802594039493
3044.370214407075	16.222974110182196
3088.6515988494466	16.187251534225897
3133.57707086003	16.127946157431875
3179.1559989082334	16.048754864770142
3225.3978877309914	15.953527044683765
3272.3123803148205	15.84600385248895
3319.9092599067053	15.729612528931316
3368.198452054235	15.607313264418133
3417.190026675413	15.481524599449536
3466.8942001585724	15.354117521613247
3517.3213374928373	15.22646861520881
3568.4819544295697	15.09956879871992
3620.386719675257	14.974143280560865
3673.0464571162966	14.850736387894084
3726.472148076138	14.729796796191977
3780.6749336052594	14.611731428795636
3835.6661168044484	14.496913060633403
3891.45716518188	14.38567948804828
3948.059713044477	14.278329261129448
4005.4855639240527	14.175121303378885
4063.746693038744	14.076256110332949
4122.855249790247	13.981874607011987
4182.823560297375	13.89204802210643
4243.664129966465	13.806760282302244
4305.389646099183	13.725933027628745
4368.012980538242	13.649440570955287
4431.5471923516225	13.577109468885595
4496.00553055582	13.508738535135285
4561.401436878714	13.444120463066467
4627.748548562617	13.383056553126178
4695.060701208099	13.32534499364138
4763.351931659176	13.27078766973169
4832.63648093046	13.21921849745696
4902.928797176889	13.170486332603339
4974.243538706657	13.124413245992356
5046.595577037959	13.080712852770494
5120.000000000202	13.038892720405565
5194.472114880326	12.99807041046901
5270.027451614888	12.956712334714542
5346.6817660285715	12.912353268720278
5424.451043119808	12.861405627386501
5503.351500394186	12.799397335111433
5583.399591246343	12.721877339270979
5664.612008391055	12.625629341629878
5747.005687344222	12.509591272925034
5830.597809954497	12.375158490398046
5915.405807986278	12.225993095581062
6001.447366754812	12.067914931477901
6088.740428814181	11.908895899146074
6177.303197698925	11.758653026550089
6267.154141720092	11.62725315220859
6358.3119978165005	11.523117049727833
6450.795775462017	11.451630117040917
6544.624760629676	11.415006940200005
6639.818519813445	11.413050747373592
6736.396904108505	11.443685838785175
6834.380053350861	11.503033399207753
6933.788400317181	11.58560248800387
7034.642674985712	11.684928081402571
7136.963908859177	11.794545160591424
7240.773439350552	11.908741048286842
7346.092914232631	12.022930076813143
7452.944296152315	12.133497326334588
7561.349867210557	12.237140523416967
7671.332233608935	12.329914288974557
7782.914330363799	12.406158480516174
7896.119426088994	12.45725846590073
8010.971127848146	12.469832409675817
8127.49338607753	12.423432546215746
8245.710499580537	12.290250816597053
8365.647120594791	12.039330046429734
8487.328259932974	11.645949302743817
8610.77929219841	11.105178522274926
8736.025961076528	10.442397416898498
8863.094384703289	9.710934826827293
8992.011061111683	8.980270335030431
9122.802873757471	8.322853295659169
9255.497097125279	7.804122040352268
9390.121402416245	7.476685453193567
9526.7038633184	7.373218622266731
9665.272961860968	7.494807798881556
9805.857594353829	7.805132259955057
9948.487077413367	8.238983822987915
10093.19115407597	8.714676262078672
10240.000000000457	9.141844684888705
10388.944229760706	9.42848614008998
10540.05490322983	9.494437521411362
10693.363532057198	9.296256613105774
10848.902086239672	8.85332794257866
11006.703000788428	8.24660480065631
11166.799182492743	7.585551580932635
11329.224016782166	6.967002194520338
11494.0113746885	6.446059257656811
11661.195619909053	6.035167517122722
11830.811615972614	5.722888905153691
12002.894733509682	5.490836090224804
12177.48085762842	5.3226682876809965
12354.606395397908	5.206789110272754
12534.308283440243	5.135357732629971
12716.62399563306	5.101701206924831
12901.591550924093	5.097680065471858
13089.249521259411	5.112546683818364
13279.637039626952	5.1302160674530715
13472.793808217073	5.1242280751590945
13668.760106701786	5.055177433177021
13867.576800634426	4.8779075073690175
14069.285349971487	4.561277349852092
14273.927817718419	4.117417398707702
14481.54687870117	3.6136911770003874
14692.18582846533	3.154429014442349
14905.888592304698	2.8512704531979263
15122.699734421185	2.781357742823853
15342.664467217943	2.9389999916117855
15565.828660727671	3.2333327302943156
15792.238852178061	3.5364788596265537
16021.942255696367	3.7326628500074657
16254.986772155136	3.7565152641636423
16491.42099916115	3.6056134091047554
16731.294241189662	3.31119856135715
16974.65651986603	2.90764018926234
17221.558584396902	2.429999811715875
17472.051922153143	1.9282137020972645
17726.188769406665	1.4711430196631787
17984.022122223458	1.1296851032818447
18245.605747515034	0.9396859041821941
18510.99419425065	0.8737483411934199
18780.242804832582	0.8694658625474445
19053.40772663689	0.8802784993988546
19330.545923722028	0.8877502534984033
19611.71518870775	0.8897908757892501
19896.974154826825	0.8891855241307808
20186.382308152035	0.8880791209743155