20	-0.15646719978558238
20.290906698750476	-0.15452834368208326
20.586044732869844	-0.15259058268561776
20.885475648548283	-0.1506550665154207
21.189261887185914	-0.14872256815966733
21.49746679841394	-0.14679320137205848
21.810154653305165	-0.14486655074073437
22.12739065777668	-0.14294181017646207
22.449240966187475	-0.14101783526160666
22.77577269513385	-0.13909305592653295
23.107053937445478	-0.1371655547409021
23.44315377638505	-0.13523320802915334
23.784142300054445	-0.13329374726979726
24.130090616010463	-0.13134482897168415
24.481070866093134	-0.1293840461830908
24.837156241469714	-0.12740892364189405
25.1984209978975	-0.1254169236169603
25.56494047120865	-0.1234055508039197
25.936791093020236	-0.12137247553504621
26.3140504066728	-0.11931558489615075
26.69679708340074	-0.11723294278124002
27.08511093873791	-0.1151227454782299
27.47907294916184	-0.11298339719624872
27.878765268980047	-0.11081350511168597
28.284271247461966	-0.10861187685141355
28.695675446220072	-0.10637754917737385
29.11306365684382	-0.10410976253638897
29.536522918790062	-0.10180789547971697
29.966141537533712	-0.09947139561694486
30.402009102982383	-0.09709976529990547
30.844216508158908	-0.09469269255331703
31.29285596815558	-0.09225009528216142
31.74802103936409	-0.08977197307304792
32.20980663898519	-0.08725827902286547
32.67830906482211	-0.08470887372827735
33.153626015361866	-0.08212347387261268
33.63585661014871	-0.07950169431689495
34.125101410453844	-0.07684321891508526
34.62146244024586	-0.07414791085148006
35.12504320746613	-0.07141577464753565
35.635948725613716	-0.06864695832268126
36.15428553564419	-0.06584183536902753
36.68016172818701	-0.06300095070722461
37.21368696608603	-0.060124923268629546
37.754972507267915	-0.05721434491658785
38.30413122794313	-0.05426969885827722
38.86127764614443	-0.05129138574445859
39.4265279456077	-0.048279807197565555
40.000000000000206	-0.04523535406654185
40.58181339750116	-0.04215847289077053
41.1720894657399	-0.03904978050623792
41.77095129709678	-0.03590993240406953
42.37852377437204	-0.03273961488624294
42.9949335968281	-0.029539568832038537
43.62030930661056	-0.02631053724674849
44.25478131555359	-0.023053262354508733
44.89848193237519	-0.019768492723298545
45.55154539026795	-0.01645691677384281
46.21410787489121	-0.01311916544802652
46.88630755277036	-0.009755900572645457
47.56828460010916	-0.006367747600443008
48.260181232021196	-0.0029553062661724916
48.962141732186545	0.00048079347121961213
49.674312482939705	0.003940018227346714
50.39684199579528	0.007422027429333525
51.129880942417586	0.010926651559827485
51.873582186040764	0.014453906887841969
52.628100813345895	0.018003966212623776
53.393594166801776	0.021577074038367935
54.17022187747612	0.02517353949067841
54.95814589832399	0.028793798239317506
55.75753053796041	0.032438419008583824
56.56854249492426	0.03610805764881689
57.39135089244048	0.039803475353604165
58.226127313687975	0.04352548053173924
59.073045837580466	0.047274808807118096
59.932283075067765	0.051052084627859554
60.804018205965114	0.05485789216558064
61.68843301631817	0.058692683403418405
62.58571193631152	0.06255668738332316
63.49604207872855	0.06645013337636935
64.41961327797075	0.07037338676788736
65.35661812964459	0.07432699301812057
66.3072520307241	0.07831163994323147
67.27171322029778	0.08232819305384002
68.25020282090806	0.08637770859324113
69.2429248804921	0.09046133173754974
70.25008641493265	0.09458040824879582
71.27189745122783	0.09873648890622441
72.30857107128878	0.10293129451337814
73.36032345637442	0.10716668916365145
74.42737393217246	0.11144466157631565
75.50994501453623	0.11576731425738337
76.60826245588666	0.12013686607375183
77.72255529228926	0.12455566144565533
78.85305589121582	0.12902605369276138
80.00000000000082	0.13355015093117356
81.16362679500274	0.1381297451314129
82.34417893148023	0.1427663943061893
83.541902594194	0.1474615100467934
84.75704754874454	0.1522163448661343
85.98986719365665	0.15703197566276916
87.24061861322157	0.16190938593466622
88.50956263110764	0.16684957669362557
89.79696386475084	0.1718535977029274
91.10309078053635	0.1769225876796198
92.42821574978288	0.18205778202464543
93.77261510554118	0.18726041346745492
95.13656920021877	0.192531933233653
96.52036246404286	0.19787403927600772
97.92428346437356	0.20328851860351377
99.34862496587989	0.20877732735845617
100.79368399159105	0.21434274727256608
102.25976188483567	0.21998751789382634
103.74716437208203	0.22571477670260912
105.25620162669229	0.23152790249088528
106.78718833360406	0.2374302769358511
108.34044375495276	0.24342514903609305
109.9162917966485	0.24951564182269612
111.51506107592134	0.2557048265593995
113.13708498984903	0.261995760688673
114.78270178488147	0.26839160647616744
116.45225462737648	0.27489575439190395
118.14609167516147	0.2815119122570629
119.86456615013608	0.288243990137845
121.60803641193078	0.2950959434546656
123.3768660326369	0.30207172632680446
125.17142387262359	0.3091754440102968
126.99208415745765	0.31641157392475494
128.83922655594208	0.32378491090922223
130.71323625928977	0.33130055960884636
132.61450406144883	0.3389639457593337
134.5434264405962	0.3467808076966373
136.50040564181674	0.3547571917225029
138.48584976098482	0.3628995730364538
140.50017282986593	0.37121508488578503
142.5437949024563	0.37971145992645833
144.61714214257822	0.3883967440746917
146.7206469127495	0.39727879437189717
148.8547478643456	0.4063649750739786
151.01989002907314	0.41566216303547054
153.216524911774	0.4251766415151667
155.4451105845792	0.4349139882903768
157.70611178243232	0.4448791157368816
160.00000000000236	0.45507630749671735
162.3272535900062	0.4655092002172486
164.6883578629612	0.47618070708835747
167.08380518838874	0.4870929790711998
169.51409509748981	0.4982476142811776
171.97973438731407	0.5096456453666875
174.4812372264439	0.5212877148986774
177.01912526221608	0.5331742643667872
179.5939277295025	0.5453053915029424
182.20618156107355	0.5576808653533922
184.85643149956664	0.5703002631203573
187.54523021108326	0.5831632045554594
190.27313840043846	0.596269901826658
193.04072492808663	0.609621344541778
195.84856692874806	0.6232193065635419
198.69724993176072	0.6370663038163281
201.58736798318304	0.6511655094514393
204.5195237696723	0.6655206672589995
207.49432874416505	0.6801360971394026
210.5124032533856	0.6950165063226801
213.57437666720915	0.7101664580407321
216.68088750990657	0.7255897839277418
219.83258359329807	0.7412892929178568
223.03012215184378	0.7572669128462152
226.2741699796992	0.7735242668118274
229.5654035697641	0.7900628578612006
232.90450925475412	0.8068841741782717
236.2921833503241	0.8239901460555075
239.72913230027333	0.8413832524890248
243.21607282386276	0.8590663966652266
246.75373206527502	0.8770427181330009
250.34284774524843	0.8953153622633794
253.9841683149166	0.9138872196483656
257.67845311188546	0.9327608105122109
261.42647251858085	0.9519385305990604
265.22900812289896	0.9714225453257145
269.08685288119375	0.9912149556101808
273.0008112836349	1.0113177639650186
276.97169952197106	1.031733269856881
281.00034565973334	1.0524646682672012
285.0875898049141	1.073516210306739
289.23428428515797	1.0948927141559184
293.44129382550057	1.116598735324939
297.7094957286928	1.1386373357543407
302.0397800581479	1.1610097188435309
306.4330498235497	1.183715441685401
310.89022116916016	1.2067533678271676
315.41222356486645	1.2301235695282853
320.00000000000654	1.2538292311258041
324.6545071800142	1.2778781439389852
329.3767157259242	1.3022832057593283
334.16761037677935	1.3270625026098033
339.02819019498156	1.3522386327100273
343.95946877463007	1.3778377291028048
348.9624744528898	1.4038885478042902
354.03825052443415	1.4304220012914395
359.187855459007	1.4574703412815189
364.4123631221491	1.4850664257816732
369.71286299913527	1.5132424933230033
375.0904604221685	1.5420294250313151
380.54627680087896	1.5714567183084462
386.08144985617537	1.6015518723427198
391.6971338574982	1.6323403226722202
397.3944998635236	1.6638451461987702
403.1747359663683	1.6960863094403842
409.0390475393468	1.7290800723393496
414.9886574883323	1.7628385827095552
421.0248065067734	1.7973695024233312
427.1487533344206	1.8326758945181403
433.3617750198154	1.8687565519785856
439.6651671865984	1.9056066096744984
446.06024430368984	1.9432178043894517
452.54833995940066	1.9815783863415912
459.13080713953053	2.0206727938528006
465.8090185095106	2.0604813690496173
472.58436670065066	2.10097998954982
479.45826460054917	2.1421398020144946
486.432145647728	2.1839273146176685
493.50746413055253	2.2263044903844857
500.6856954904994	2.2692287929635238
507.9683366298358	2.312653274189085
515.3569062237735	2.356526808175269
522.8529450371643	2.400794575431335
530.4580162458005	2.4453985298616345
538.1737057623901	2.490277023676436
546.0016225672724	2.5353648937380164
553.9433990439449	2.5805943579084065
562.0006913194694	2.625896568754219
570.1751796098309	2.671203118880596
578.4685685703187	2.716446492780911
586.8825876510039	2.7615609224683935
595.4189914573883	2.806483372151282
604.0795601162986	2.8511545353283356
612.8660996471021	2.8955192653971364
621.780442338323	2.9395268091538758
630.8244471297356	2.983131253580966
640.0000000000159	3.0262927779436963
649.3090143600314	3.0689786425100096
658.7534314518515	3.1111634776750323
668.3352207535618	3.1528294229504557
678.0563803899662	3.19396564753389
687.9189375492632	3.234569201986001
697.9249489057827	3.2746454628186075
708.0765010488715	3.314208433118174
718.3757109180171	3.3532813517718143
728.8247262443015	3.3918975616345755
739.425725998274	3.4301014663162706
750.1809208443404	3.467949357248085
761.0925536017613	3.5055103888134584
772.1628997123541	3.5428691018178915
783.3942677149998	3.580127281477631
794.7889997270506	3.6174032835440926
806.34947193274	3.654831792757839
818.0780950786972	3.6925642194944044
829.9773149766683	3.7307692657449745
842.0496130135506	3.769632433119932
854.2975066688449	3.8093540486432644
866.7235500396347	3.850146618651373
879.3303343732008	3.8922313727939066
892.1204886073838	3.935834046345826
905.0966799188055	3.981180846092541
918.2616142790653	4.028495021269118
931.6180370190256	4.0779919363076225
945.1687334013056	4.129872635353158
958.9165292011028	4.1843181716663995
972.8642912954606	4.241484995541484
987.0149282611097	4.301500096576128
1001.3713909810035	4.36445673124374
1015.9366732596762	4.430411919440102
1030.7138124475518	4.499386931573432
1045.7058900743334	4.571368673555163
1060.916032491606	4.646313654603659
1076.3474115247852	4.724151950923184
1092.0032451345498	4.804790024109154
1107.8867980878947	4.888116782010339
1124.0013826389438	4.974009328958695
1140.350359219667	5.062338725749572
1156.9371371406426	5.152974789388869
1173.765175302013	5.245790643039829
1190.837982914782	5.340665941847554
1208.1591202326028	5.437488557100675
1225.73219929421	5.536159543646027
1243.5608846766518	5.636595499387888
1261.648894259477	5.738726964404086
1280.0000000000375	5.842498005768552
1298.6180287200684	5.947868314006335
1317.5068629037087	6.054815586046367
1336.6704415071292	6.163338811888476
1356.112760779938	6.273460017457516
1375.8378750985323	6.385222838219698
1395.8498978115715	6.498690719068749
1416.153002097749	6.61394481115274
1436.7514218360407	6.731082171399396
1457.6494524886093	6.85021743330259
1478.8514519965543	6.9714853077277725
1500.3618416886875	7.095042222106484
1522.1851072035295	7.221066323208969
1544.3257994247153	7.349755894411767
1566.788535430007	7.481333263512752
1589.5779994541087	7.616049799609086
1612.6989438654878	7.754188939974766
1636.156190157402	7.896066098487068
1659.9546299533442	8.042027110202227
1684.099226027109	8.192446733423083
1708.5950133376978	8.347727754491382
1733.4471000792773	8.50829633621736
1758.6606687464096	8.674588741302344
1784.2409772147755	8.847034011070269
1810.193359837619	9.026032191734155
1836.5232285581387	9.211929093289546
1863.2360740380593	9.404990213379412
1890.3374668026197	9.60537057409309
1917.833058402214	9.813084717743694
1945.7285825909298	10.027986409421098
1974.0298565222283	10.249751711922954
2002.7427819620161	10.477867349967548
2031.8733465193618	10.71163378506968
2061.4276248951132	10.950181229018657
2091.411780148677	11.192487453989878
2121.832064983222	11.437402954719097
2152.694823049581	11.683688128010406
2184.0064902691106	11.930058630508757
2215.7735961758003	12.175218876934913
2248.002765277899	12.41789374005579
2280.7007184393456	12.656853452888397
2313.874274281297	12.890946645829194
2347.530350604038	13.119123383893518
2381.6759658295764	13.340440731822248
2416.318240465218	13.554061292163409
2451.4643985884327	13.759242318620466
2487.1217693533167	13.955330928444939
2523.2977885189675	14.141740110578985
2560.0000000000887	14.317929627291447
2597.236057440151	14.483376839632593
2635.0137258074315	14.637549606685724
2673.340883014273	14.779886887075428
2712.225521559891	14.909800614100416
2751.6757501970797	15.026676183042168
2791.699795623158	15.129895032824727
2832.3060041955137	15.21884344730076
2873.502843672097	15.29291456201143
2915.2989049772345	15.35150826739038
2957.7029039931244	15.394059059216726
3000.723683377391	15.420085844035025
3044.370214407075	15.429259533956442
3088.6515988494466	15.421476695549806
3133.57707086003	15.396882239319373
3179.1559989082334	15.355856201040874
3225.3978877309914	15.298994909205105
3272.3123803148205	15.227070849804338
3319.9092599067053	15.141007458089918
3368.198452054235	15.04186360452468
3417.190026675413	14.930806539391568
3466.8942001585724	14.809068015011466
3517.3213374928373	14.677903059548061
3568.4819544295697	14.53855787118676
3620.386719675257	14.392250149267824
3673.0464571162966	14.240147048169261
3726.472148076138	14.083353372802774
3780.6749336052594	13.922909388535306
3835.6661168044484	13.75978264989382
3891.45716518188	13.59487036224262
3948.059713044477	13.429014544447474
4005.4855639240527	13.26300877365282
4063.746693038744	13.09758327340519
4122.855249790247	12.933396440903511
4182.823560297375	12.771048686446852
4243.664129966465	12.611087929054731
4305.389646099183	12.454030892020787
4368.012980538242	12.300370224503592
4431.5471923516225	12.15057584972742
4496.00553055582	12.005087562993086
4561.401436878714	11.864301789623791
4627.748548562617	11.72855358233695
4695.060701208099	11.598126089636198
4763.351931659176	11.473263469772752
4832.63648093046	11.354191721279138
4902.928797176889	11.241099276133738
4974.243538706657	11.134118896961537
5046.595577037959	11.033343429122901
5120.000000000202	10.93881783426247
5194.472114880326	10.85055664665052
5270.027451614888	10.768536574342138
5346.6817660285715	10.692704546066295
5424.451043119808	10.622997525370067
5503.351500394186	10.559346886426777
5583.399591246343	10.501672940582335
5664.612008391055	10.449876748819637
5747.005687344222	10.403863662526906
5830.597809954497	10.363598000064217
5915.405807986278	10.329108506869119
6001.447366754812	10.300447080839811
6088.740428814181	10.277628789811024
6177.303197698925	10.26058975186168
6267.154141720092	10.249201277760125
6358.3119978165005	10.243287087161171
6450.795775462017	10.242663603557816
6544.624760629676	10.247117330109688
6639.818519813445	10.25635064952351
6736.396904108505	10.26993368185906
6834.380053350861	10.28727691085661
6933.788400317181	10.307612354894106
7034.642674985712	10.329915082054734
7136.963908859177	10.3528316359357
7240.773439350552	10.374635289825408
7346.092914232631	10.393173037822507
7452.944296152315	10.405872233859927
7561.349867210557	10.409779779797095
7671.332233608935	10.4016789491092
7782.914330363799	10.378311144401474
7896.119426088994	10.3366737712435
8010.971127848146	10.274443769896642
8127.49338607753	10.19045916298008
8245.710499580537	10.084910996219403
8365.647120594791	9.95920704067674
8487.328259932974	9.815642130777219
8610.77929219841	9.657017546185294
8736.025961076528	9.486284785018912
8863.094384703289	9.306178041553183
8992.011061111683	9.118947678641723
9122.802873757471	8.926263321407596
9255.497097125279	8.72920807307908
9390.121402416245	8.528476400936846
9526.7038633184	8.324588806835198
9665.272961860968	8.11790939154606
9805.857594353829	7.908679937852221
9948.487077413367	7.6971160108211185
10093.19115407597	7.4835300090713766
10240.000000000457	7.268332978879201
10388.944229760706	7.052008561586193
10540.05490322983	6.835116593132438
10693.363532057198	6.6182585399131595
10848.902086239672	6.402143994220476
11006.703000788428	6.187638116810791
11166.799182492743	5.975758930532368
11329.224016782166	5.7676307267199585
11494.0113746885	5.5643611098806325
11661.195619909053	5.36695739333477
11830.811615972614	5.1760999178700535
12002.894733509682	4.9923954208305945
12177.48085762842	4.81651487959073
12354.606395397908	4.649186203132606
12534.308283440243	4.490711381118619
12716.62399563306	4.340957119743753
12901.591550924093	4.199013731122549
13089.249521259411	4.06340489969809
13279.637039626952	3.9331134682411375
13472.793808217073	3.807471407949664
13668.760106701786	3.6855462751414807
13867.576800634426	3.566160814760851
14069.285349971487	3.4480262242531783
14273.927817718419	3.329823416692333
14481.54687870117	3.210267203712622
14692.18582846533	3.0882334818803123
14905.888592304698	2.9628560468133744
15122.699734421185	2.833463888027559
15342.664467217943	2.6993322897307044
15565.828660727671	2.5596988015664923
15792.238852178061	2.413951652017142
16021.942255696367	2.2616529351685903
16254.986772155136	2.1025667199969695
16491.42099916115	1.9367118545912971
16731.294241189662	1.7641796973167596
16974.65651986603	1.5853270871087077
17221.558584396902	1.4008552694425398
17472.051922153143	1.211870765226689
17726.188769406665	1.0201422675910121
17984.022122223458	0.828708028878425
18245.605747515034	0.6410130440907821
18510.99419425065	0.45567687755802505
18780.242804832582	0.25499117312655484
19053.40772663689	-0.007650577444348397
19330.545923722028	-0.39678357088035465
19611.71518870775	-0.9319932812509999
19896.974154826825	-1.5172015075637393
20186.382308152035	-2.03483241554464