20	-0.0003326362900109059
20.290906698750476	0.00012139555554112075
20.586044732869844	0.0005755716646761732
20.885475648548283	0.0010302339940195062
21.189261887185914	0.0014858522975197373
21.49746679841394	0.001942937381825066
21.810154653305165	0.0024021046815016663
22.12739065777668	0.0028639867089504997
22.449240966187475	0.0033291448487704073
22.77577269513385	0.0037981310737458755
23.107053937445478	0.004271448120576676
23.44315377638505	0.004749609141902252
23.784142300054445	0.005233095376067243
24.130090616010463	0.005722413121658037
24.481070866093134	0.006218048271660347
24.837156241469714	0.006720520016093873
25.1984209978975	0.007230331612090895
25.56494047120865	0.007748020207020884
25.936791093020236	0.00827410318943583
26.3140504066728	0.00880912349259488
26.69679708340074	0.009353590840004127
27.08511093873791	0.009908021859056808
27.47907294916184	0.010472875512161958
27.878765268980047	0.011048587347336075
28.284271247461966	0.011635498423860267
28.695675446220072	0.012233934373880546
29.11306365684382	0.012844281113896718
29.536522918790062	0.013466851689847327
29.966141537533712	0.014101749128664576
30.402009102982383	0.014748931362442937
30.844216508158908	0.015408324199358059
31.29285596815558	0.01607993095594093
31.74802103936409	0.016763886714725444
32.20980663898519	0.017460352964460163
32.67830906482211	0.0181695122346245
33.153626015361866	0.01889145415975184
33.63585661014871	0.01962621444069436
34.125101410453844	0.020373809701897172
34.62146244024586	0.02113411044472145
35.12504320746613	0.02190686798794661
35.635948725613716	0.022691790394662056
36.15428553564419	0.023488614866093424
36.68016172818701	0.024297123170759674
37.21368696608603	0.025116993002107332
37.754972507267915	0.025947805824819765
38.30413122794313	0.026789104778418713
38.86127764614443	0.027640449413763646
39.4265279456077	0.028501467386719857
40.000000000000206	0.029371848640921103
40.58181339750116	0.030251172810061757
41.1720894657399	0.03113889685521127
41.77095129709678	0.03203439445307571
42.37852377437204	0.03293699289736922
42.9949335968281	0.03384600769706397
43.62030930661056	0.0347607750736921
44.25478131555359	0.03568068256821548
44.89848193237519	0.036605197960595914
45.55154539026795	0.03753389669120881
46.21410787489121	0.03846643115914494
46.88630755277036	0.039402385242713195
47.56828460010916	0.04034146847738069
48.260181232021196	0.04128359569221664
48.962141732186545	0.04222890898138608
49.674312482939705	0.04317779882030128
50.39684199579528	0.04413092426665817
51.129880942417586	0.045089232099832226
51.873582186040764	0.046053974651475885
52.628100813345895	0.047026725975208336
53.393594166801776	0.04800939588833721
54.17022187747612	0.04900424128962387
54.95814589832399	0.05001387402672939
55.75753053796041	0.05104126444534044
56.56854249492426	0.05208973960553852
57.39135089244048	0.053162974993374926
58.226127313687975	0.054264916934980964
59.073045837580466	0.055399449143643184
59.932283075067765	0.05656998341834274
60.804018205965114	0.05777909607774427
61.68843301631817	0.059028459704659905
62.58571193631152	0.06031907363324926
63.49604207872855	0.06165160842001058
64.41961327797075	0.06302686519423245
65.35661812964459	0.06444584032062656
66.3072520307241	0.06590983912342585
67.27171322029778	0.06742044438727146
68.25020282090806	0.06897959727477582
69.2429248804921	0.07058946356820212
70.25008641493265	0.07225227978086426
71.27189745122783	0.07397037607957804
72.30857107128878	0.07574604438308835
73.36032345637442	0.0775815849367546
74.42737393217246	0.07947932916957084
75.50994501453623	0.08144143388895503
76.60826245588666	0.08346985375493049
77.72255529228926	0.08556635541523258
78.85305589121582	0.08773250409794472
80.00000000000082	0.08996962132361203
81.16362679500274	0.09227871245342753
82.34417893148023	0.09466036285175466
83.541902594194	0.09711460153751089
84.75704754874454	0.09964080421451987
85.98986719365665	0.10223778118910365
87.24061861322157	0.10490368812417286
88.50956263110764	0.10763612655500096
89.79696386475084	0.11043228915374814
91.10309078053635	0.1132890772933903
92.42821574978288	0.11620326786562966
93.77261510554118	0.11917188341285515
95.13656920021877	0.12219231023152638
96.52036246404286	0.12526239429206792
97.92428346437356	0.12838074839734376
99.34862496587989	0.1315468831608988
100.79368399159105	0.13476147611409403
102.25976188483567	0.13802646190350126
103.74716437208203	0.1413452621501773
105.25620162669229	0.14472274906200333
106.78718833360406	0.14816510014433518
108.34044375495276	0.1516797047519691
109.9162917966485	0.15527528675501523
111.51506107592134	0.15896173845548967
113.13708498984903	0.16274982550009187
114.78270178488147	0.1666508394534229
116.45225462737648	0.17067619102473466
118.14609167516147	0.1748370248229993
119.86456615013608	0.17914402540421637
121.60803641193078	0.1836069687157545
123.3768660326369	0.188234457215394
125.17142387262359	0.19303365504482195
126.99208415745765	0.1980100203100862
128.83922655594208	0.20316730764080687
130.71323625928977	0.20850765870194865
132.61450406144883	0.2140319701229813
134.5434264405962	0.21974025855197737
136.50040564181674	0.22563192669784415
138.48584976098482	0.23170602565624615
140.50017282986593	0.23796180782209136
142.5437949024563	0.24439928069502848
144.61714214257822	0.2510197639955771
146.7206469127495	0.2578266508118744
148.8547478643456	0.2648258668814006
151.01989002907314	0.2720261164864632
153.216524911774	0.279437547095601
155.4451105845792	0.28707047588579765
157.70611178243232	0.29493523867957916
160.00000000000236	0.303043074937759
162.3272535900062	0.3114056722816717
164.6883578629612	0.32003332839623205
167.08380518838874	0.32893279367576844
169.51409509748981	0.33810568090437526
171.97973438731407	0.3475485987747877
174.4812372264439	0.3572555234567939
177.01912526221608	0.367221313514138
179.5939277295025	0.3774445208827754
182.20618156107355	0.38792816606604175
184.85643149956664	0.3986785350273503
187.54523021108326	0.40970339364689096
190.27313840043846	0.4210102121696248
193.04072492808663	0.4326053961259412
195.84856692874806	0.4444948048044801
198.69724993176072	0.456685598677358
201.58736798318304	0.4691890650870034
204.5195237696723	0.48202261001608177
207.49432874416505	0.495209418279287
210.5124032533856	0.5087754159075843
213.57437666720915	0.522744105626983
216.68088750990657	0.5371322130713188
219.83258359329807	0.5519482456233296
223.03012215184378	0.5671944691602963
226.2741699796992	0.582868699577336
229.5654035697641	0.5989651905805532
232.90450925475412	0.6154757591674352
236.2921833503241	0.6323907031560461
239.72913230027333	0.6496974118491305
243.21607282386276	0.667379807618391
246.75373206527502	0.6854208166164346
250.34284774524843	0.7038075189659923
253.9841683149166	0.7225360854530254
257.67845311188546	0.7416160257266563
261.42647251858085	0.7610727433961983
265.22900812289896	0.7809479829020682
269.08685288119375	0.8012962201059453
273.0008112836349	0.8221791789429456
276.97169952197106	0.8436602244776911
281.00034565973334	0.8657982117035783
285.0875898049141	0.8886410668845862
289.23428428515797	0.9122215470556967
293.44129382550057	0.9365573985870576
297.7094957286928	0.96165585888315
302.0397800581479	0.9875172309359874
306.4330498235497	1.0141354217881022
310.89022116916016	1.0414982085503564
315.41222356486645	1.0695887786634177
320.00000000000654	1.0983878040357316
324.6545071800142	1.127872071006733
329.3767157259242	1.1580099811509101
334.16761037677935	1.1887600309315753
339.02819019498156	1.2200753615772508
343.95946877463007	1.2519129724573104
348.9624744528898	1.2842415790519188
354.03825052443415	1.3170439610518678
359.187855459007	1.3503160640951661
364.4123631221491	1.3840661147664755
369.71286299913527	1.4183135014197177
375.0904604221685	1.453083902404099
380.54627680087896	1.4884019197105067
386.08144985617537	1.5242868373208485
391.6971338574982	1.5607518374323401
397.3944998635236	1.5978048169173495
403.1747359663683	1.6354478421065206
409.0390475393468	1.6736759533102585
414.9886574883323	1.7124776232421044
421.0248065067734	1.7518366719145932
427.1487533344206	1.7917330485373741
433.3617750198154	1.8321438281939262
439.6651671865984	1.8730447308293618
446.06024430368984	1.9144116710419687
452.54833995940066	1.9562235175572642
459.13080713953053	1.9984635364694059
465.8090185095106	2.0411197988745355
472.58436670065066	2.084184826667177
479.45826460054917	2.1276547710064575
486.432145647728	2.1715287263309526
493.50746413055253	2.2158066185929965
500.6856954904994	2.260487538587989
507.9683366298358	2.3055691890633843
515.3569062237735	2.351047828825359
522.8529450371643	2.396916725053477
530.4580162458005	2.443164421613451
538.1737057623901	2.489771429635547
546.0016225672724	2.5367070724846967
553.9433990439449	2.5839258011250026
562.0006913194694	2.6313626611378824
570.1751796098309	2.678928356146632
578.4685685703187	2.7265055687261706
586.8825876510039	2.7739472009567208
595.4189914573883	2.8210765172176635
604.0795601162986	2.8676876271711382
612.8660996471021	2.9135451358559847
621.780442338323	2.9583846923520163
630.8244471297356	3.0019150718473675
640.0000000000159	3.043821269131095
649.3090143600314	3.0837703087244117
658.7534314518515	3.1214189533981855
668.3352207535618	3.1564225094028435
678.0563803899662	3.1884471441050977
687.9189375492632	3.2171863794167006
697.9249489057827	3.2423795713268104
708.0765010488715	3.2638303601158984
718.3757109180171	3.2814133563684527
728.8247262443015	3.2950777497816937
739.425725998274	3.3048526678642283
750.1809208443404	3.3108529375338236
761.0925536017613	3.313284637854643
772.1628997123541	3.312450604255571
783.3942677149998	3.3087562789070786
794.7889997270506	3.302711439405427
806.34947193274	3.294927325949243
818.0780950786972	3.286107657868491
829.9773149766683	3.277031578149565
842.0496130135506	3.2685285592633586
854.2975066688449	3.2614443726189375
866.7235500396347	3.256595112545169
879.3303343732008	3.2547191723016984
892.1204886073838	3.2564452838461433
905.0966799188055	3.2622847062900147
918.2616142790653	3.2726296493920533
931.6180370190256	3.2877519859805817
945.1687334013056	3.3078042117496986
958.9165292011028	3.3328252732169465
972.8642912954606	3.362751610002167
987.0149282611097	3.3974335414748618
1001.3713909810035	3.4366576062006295
1015.9366732596762	3.4801767334778875
1030.7138124475518	3.5277505077956053
1045.7058900743334	3.5791889616187533
1060.916032491606	3.634394321174463
1076.3474115247852	3.693374487967662
1092.0032451345498	3.7562369697943447
1107.8867980878947	3.8231791572782736
1124.0013826389438	3.8944740496500736
1140.350359219667	3.970451046865424
1156.9371371406426	4.051476701197941
1173.765175302013	4.137933506501915
1190.837982914782	4.230200486713266
1208.1591202326028	4.328633374715507
1225.73219929421	4.4335483308006856
1243.5608846766518	4.545206072951917
1261.648894259477	4.663797725839955
1280.0000000000375	4.7894330265792195
1298.6180287200684	4.922134366582484
1317.5068629037087	5.061836256024949
1336.6704415071292	5.208385607302888
1356.112760779938	5.36154343616565
1375.8378750985323	5.520992974528505
1395.8498978115715	5.686352575578825
1416.153002097749	5.857192240848041
1436.7514218360407	6.033049050768382
1457.6494524886093	6.213449017276099
1478.8514519965543	6.397926967381757
1500.3618416886875	6.586048427962755
1522.1851072035295	6.777431735533107
1544.3257994247153	6.971766757236624
1566.788535430007	7.168831945833983
1589.5779994541087	7.368510871304749
1612.6989438654878	7.570803836694916
1636.156190157402	7.775833727321234
1659.9546299533442	7.983845645391328
1684.099226027109	8.19519860658678
1708.5950133376978	8.410347958775521
1733.4471000792773	8.629821230477923
1758.6606687464096	8.854185659499489
1784.2409772147755	9.084010417809832
1810.193359837619	9.319826339418594
1836.5232285581387	9.562080287680798
1863.2360740380593	9.811087680821135
1890.3374668026197	10.06698800747163
1917.833058402214	10.329701766798912
1945.7285825909298	10.59888953450238
1974.0298565222283	10.873923526610733
2002.7427819620161	11.153874922869667
2031.8733465193618	11.437508280258172
2061.4276248951132	11.723287410546355
2091.411780148677	12.009389612891647
2121.832064983222	12.293731928578651
2152.694823049581	12.574007402516251
2184.0064902691106	12.847722681856553
2215.7735961758003	13.112239247044098
2248.002765277899	13.364823799217541
2280.7007184393456	13.602701972927596
2313.874274281297	13.823104982803194
2347.530350604038	14.023322373952295
2381.6759658295764	14.200753678651928
2416.318240465218	14.352962702415153
2451.4643985884327	14.477736376687599
2487.1217693533167	14.573163565990493
2523.2977885189675	14.637725506657885
2560.0000000000887	14.670389743683991
2597.236057440151	14.670729095368221
2635.0137258074315	14.639038181284674
2673.340883014273	14.576448856297866
2712.225521559891	14.485017561292333
2751.6757501970797	14.367778722933096
2791.699795623158	14.228726978791292
2832.3060041955137	14.072696852921107
2873.502843672097	13.905123914061098
2915.2989049772345	13.731661621118873
2957.7029039931244	13.557646829290778
3000.723683377391	13.387551768332852
3044.370214407075	13.224757353691151
3088.6515988494466	13.071575169089442
3133.57707086003	12.929331838154562
3179.1559989082334	12.798475770822243
3225.3978877309914	12.6787181299738
3272.3123803148205	12.56920598778358
3319.9092599067053	12.468727444763191
3368.198452054235	12.375921573358688
3417.190026675413	12.289464097709692
3466.8942001585724	12.20820206094599
3517.3213374928373	12.131213168605317
3568.4819544295697	12.057795677299255
3620.386719675257	11.98743246839377
3673.0464571162966	11.919728428757734
3726.472148076138	11.854320657454872
3780.6749336052594	11.790819710266529
3835.6661168044484	11.728778472846464
3891.45716518188	11.667671472388712
3948.059713044477	11.606891043559093
4005.4855639240527	11.545755149096294
4063.746693038744	11.4835412902795
4122.855249790247	11.419540560725663
4182.823560297375	11.353118594920943
4243.664129966465	11.28377692513154
4305.389646099183	11.211221129944859
4368.012980538242	11.135388269604254
4431.5471923516225	11.056437846700417
4496.00553055582	10.974736458703173
4561.401436878714	10.890805286864953
4627.748548562617	10.805247297401856
4695.060701208099	10.718684492952782
4763.351931659176	10.631733557185019
4832.63648093046	10.545037926171327
4902.928797176889	10.459316408846965
4974.243538706657	10.375358327100619
5046.595577037959	10.294007338931419
5120.000000000202	10.216148751830836
5194.472114880326	10.142673745123165
5270.027451614888	10.07444165257808
5346.6817660285715	10.012179909000384
5424.451043119808	9.956402966653883
5503.351500394186	9.907347191655141
5583.399591246343	9.864938655836664
5664.612008391055	9.828790605533257
5747.005687344222	9.798224125437422
5830.597809954497	9.772285799416796
5915.405807986278	9.749780107082257
6001.447366754812	9.729295219235668
6088.740428814181	9.7093154100285
6177.303197698925	9.688282017706623
6267.154141720092	9.664620576667666
6358.3119978165005	9.63681620586863
6450.795775462017	9.6033611349217
6544.624760629676	9.562680254161263
6639.818519813445	9.513874855183156
6736.396904108505	9.458315585854892
6834.380053350861	9.400984799121957
6933.788400317181	9.351590944851994
7034.642674985712	9.326071189764988
7136.963908859177	9.347606045744902
7240.773439350552	9.445079071873842
7346.092914232631	9.646752460468846
7452.944296152315	9.97150268904545
7561.349867210557	10.422359660745618
7671.332233608935	10.979774969253883
7782.914330363799	11.586360333754373
7896.119426088994	12.136776102948774
8010.971127848146	12.495826532183633
8127.49338607753	12.536255836421965
8245.710499580537	12.177145244427058
8365.647120594791	11.412460666910652
8487.328259932974	10.323793949491568
8610.77929219841	9.068875377329853
8736.025961076528	7.8380523551750745
8863.094384703289	6.789408807804791
8992.011061111683	6.005946354636743
9122.802873757471	5.513325276782162
9255.497097125279	5.326080503479745
9390.121402416245	5.451207834553666
9526.7038633184	5.837104525295505
9665.272961860968	6.334898670993473
9805.857594353829	6.730610725478557
9948.487077413367	6.826104699188765
10093.19115407597	6.5158639498464925
10240.000000000457	5.830953675898526
10388.944229760706	4.938858725067858
10540.05490322983	4.087562127191223
10693.363532057198	3.5019297430960212
10848.902086239672	3.2954490637822245
11006.703000788428	3.46940463362145
11166.799182492743	3.970360983267434
11329.224016782166	4.722886935485535
11494.0113746885	5.624337321967641
11661.195619909053	6.541241540043577
11830.811615972614	7.325144564071635
12002.894733509682	7.840856894474374
12177.48085762842	8.001844280247226
12354.606395397908	7.808305677205412
12534.308283440243	7.369259232819548
12716.62399563306	6.87904713675466
12901.591550924093	6.54273784009591
13089.249521259411	6.501387589974536
13279.637039626952	6.79843001591114
13472.793808217073	7.33485904433388
13668.760106701786	7.821495184755761
13867.576800634426	7.878037470368712
14069.285349971487	7.2708097347973375
14273.927817718419	6.072058448952886
14481.54687870117	4.593335878992484
14692.18582846533	3.1815544680705936
14905.888592304698	2.0642495233966165
15122.699734421185	1.302652326058834
15342.664467217943	0.834129708402941
15565.828660727671	0.5528451427527952
15792.238852178061	0.37322724002863517
16021.942255696367	0.24682914167422898
16254.986772155136	0.15290989549004322
16491.42099916115	0.08446617931722653
16731.294241189662	0.038766976207606094
16974.65651986603	0.01294795992141224
17221.558584396902	0.0022941057704992177
17472.051922153143	0.0003276364150918984
17726.188769406665	0.0013444805564859258
17984.022122223458	0.002466416197849541
18245.605747515034	0.0029980119859889624
18510.99419425065	0.0031098563200222177
18780.242804832582	0.003070834249516013
19053.40772663689	0.003022496040267377
19330.545923722028	0.002999785924300013
19611.71518870775	0.002995304340728493
19896.974154826825	0.002997216102652112
20186.382308152035	0.0029999857294088625